0,449
0,575
0,570
0,568
0,566
0,563
0,562
0,560
0,558
0,556
0,555
0,554
0,553
0,552
0,551
0,547
0,542
35,684
34,12
0,538
0,537
0,534
0,533
0,527
0,525
0,447
0,446
0,445
0,444
0,442
35,683
35,678
35,677
0,440
0,439
0,438
0,435
0,434
0,433
48,42
48,41
48,40
48,39
0,431
0,426
0,425
48,38
48,37
48,36
48,35
33,7
33,6
33,12
33,5
3,2
3,1
3,3
10,252
10,94
10,288
10,114
10,100
10,150
10,28
10,1
10,218
10,2
10,3
11,17
11,4
11,18
11,24
11,9
11,1
11,12
11,2
11,3
9,7
9,6
9,1
9,4
9,2
9,3
8,17
8,9
8,16
8,2
8,3
0,318
35,10
35,9
35,8
35,1
34,18
34,17
34,16
34,15
34,8
34,7
34,6
34,4
34,1
33,140
33,139
33,138
33,137
33,136
33,135
33,134
33,133
33,132
33,131
33,130
33,129
33,128
33,127
33,126
33,125
33,124
33,123
33,122
33,121
33,120
33,119
33,118
33,117
33,116
33,115
33,114
33,113
33,112
33,111
33,110
33,109
33,108
33,107
33,106
33,105
33,104
33,103
33,102
33,101
33,100
33,99
33,98
33,97
33,96
33,95
33,94
33,93
33,92
33,91
33,90
33,89
33,88
33,87
33,86
33,85
33,84
33,83
33,82
33,81
33,80
33,79
33,78
33,77
33,76
33,75
33,74
33,73
33,72
33,71
33,70
33,69
33,68
33,67
33,66
33,65
33,64
33,37
33,36
33,35
33,34
33,33
33,32
33,31
33,30
33,29
33,28
33,27
33,26
33,25
33,24
33,23
33,22
33,21
33,20
33,19
33,18
33,3
33,1
20,3
20,2
20,1
19,3
19,2
19,1
12,3
12,2
12,1
8,11
8,1
8,6
18,1
18,3
14,1
14,4
14,3
13,1
13,3
2,2
2,1
2,3
0,0
48,34
48,33
48,32
48,31
48,30
48,29
48,28
48,27
48,26
48,25
48,24
48,23
48,22
48,21
48,20
48,19
48,18
48,17
48,16
48,15
48,14
48,13
48,12
48,11
48,10
48,9
48,8
48,7
48,6
48,5
48,4
48,3
48,2
48,0
0,276
0,275
0,272
0,271
0,12
0,317
0,10
0,8
0,518
0,430
0,268
0,531
0,437
0,267
0,530
0,304
0,266
0,517
0,535
0,265
0,505
0,548
0,264
0,516
0,401
0,263
0,515
0,384
0,262
0,514
0,463
0,261
0,557
0,469
0,260
0,416
0,524
0,259
0,523
0,454
0,258
0,504
0,407
0,257
0,522
0,404
0,256
0,503
0,399
0,255
0,502
0,541
0,254
0,501
0,406
0,253
